question_id,answer_date,answer_id,answer_score,is_accepted,question_date,question_score,user_id
12666178,1362047910,15133304,0,False,1349049697,0,1651561
12666179,1349050868,12666271,2,True,1349049711,1,388520
12666179,1349051118,12666294,1,False,1349049711,1,1700513
12666184,1350563119,12954610,2,False,1349049734,0,1175010
12666186,1349052621,12666395,0,False,1349049791,0,1290720
12666190,1349050330,12666233,1,True,1349049853,1,442328
12666201,1349050178,12666214,1,False,1349049950,3,137626
12666201,1349050217,12666219,3,True,1349049950,3,507674
12666203,1349050300,12666229,0,True,1349049989,0,37213
12666207,1349076510,12669070,2,False,1349050022,0,1584772
12666212,1349050383,12666236,3,False,1349050137,1,298053
12666213,1349050319,12666232,2,False,1349050174,0,1424115
12666213,1349050450,12666244,2,False,1349050174,0,69083
12666213,1349051017,12666286,2,False,1349050174,0,1644176
12666221,1349050476,12666246,2,False,1349050241,3,37213
12666221,1349051358,12666315,0,False,1349050241,3,762165
12666224,1349053738,12666488,2,True,1349050259,1,950252
12666234,1350315554,12899102,0,False,1349050348,0,865641
12666235,1349096523,12673822,0,False,1349050369,1,842685
12666237,1349051580,12666328,1,True,1349050384,1,1078170
12666237,1349097476,12674083,0,False,1349050384,1,1165490
12666248,1349061589,12667147,2,False,1349050487,2,50617
12666248,1349065027,12667490,2,True,1349050487,2,562505
12666250,1349050651,12666260,4,False,1349050510,1,301303
12666250,1349050911,12666273,2,True,1349050510,1,803925
12666253,1349061265,12667119,1,False,1349050572,1,50617
12666255,1349063294,12667312,0,False,1349050607,1,465183
12666255,1349097376,12674053,1,True,1349050607,1,36305
12666256,1349051842,12666347,2,True,1349050639,0,1710581
12666256,1349159986,12685583,0,False,1349050639,0,425081
12666259,1349053210,12666444,0,True,1349050650,2,1710581
12666261,1349050806,12666270,2,True,1349050672,0,893
12666261,1349051281,12666310,3,False,1349050672,0,328193
12666262,1349050993,12666285,4,True,1349050716,0,179850
12666265,1349059245,12666942,2,True,1349050732,-1,87189
12666268,1349051546,12666324,0,False,1349050785,0,1701672
12666268,1349052994,12666424,1,False,1349050785,0,383904
12666268,1349053473,12666470,0,False,1349050785,0,1691769
12666269,1349108106,12677076,0,True,1349050805,0,30946
12666272,1349051234,12666308,0,False,1349050891,2,613198
12666272,1349857849,12815136,1,True,1349050891,2,163549
12666278,1349052166,12666368,2,False,1349050942,3,726099
12666278,1349069895,12667986,4,True,1349050942,3,1591827
12666278,1349078419,12669449,1,False,1349050942,3,738911
12666282,1349053228,12666448,1,True,1349050956,2,159145
12666282,1362776118,15303119,2,False,1349050956,2,495520
12666284,1349051606,12666329,1,False,1349050987,0,13005
12666284,1359648868,14630204,0,False,1349050987,0,2008532
12666288,1349051136,12666296,5,True,1349051035,0,15245
12666291,1349051202,12666305,0,False,1349051068,0,206328
12666291,1349053321,12666456,1,False,1349051068,0,871980
12666297,1349054964,12666599,0,False,1349051137,0,1633386
12666300,1349051649,12666333,1,False,1349051153,1,1290720
12666300,1349051713,12666337,2,True,1349051153,1,335858
12666300,1349051781,12666343,0,False,1349051153,1,491243
12666300,1349051858,12666351,4,False,1349051153,1,1644176
12666303,1349053459,12666466,1,True,1349051176,2,190597
12666306,1349051494,12666321,1,False,1349051227,7,1144035
12666306,1349052226,12666370,4,True,1349051227,7,573261
12666306,1349053248,12666449,1,False,1349051227,7,639716
12666307,1349052217,12666369,5,False,1349051230,0,1238847
12666307,1349184917,12691347,1,False,1349051230,0,526664
12666307,1364329438,15646677,1,False,1349051230,0,929095
12666307,1364402592,15664427,1,False,1349051230,0,1036025
12666318,1349058836,12666909,1,False,1349051418,0,923207
12666319,1349052698,12666401,1,True,1349051450,0,267887
12666320,1349051779,12666342,2,True,1349051459,3,179850
12666322,1349052663,12666399,0,False,1349051525,0,1060679
12666322,1349096096,12673699,0,True,1349051525,0,65548
12666326,1349099540,12674640,1,True,1349051558,1,675129
12666330,1349051749,12666340,3,False,1349051612,3,1662019
12666330,1349051853,12666348,4,False,1349051612,3,815787
12666330,1349052538,12666391,4,True,1349051612,3,1011995
12666331,1349052084,12666364,1,False,1349051613,1,373722
12666331,1349054384,12666539,2,False,1349051613,1,1155387
12666334,1349053592,12666477,2,False,1349051675,0,815787
12666334,1349735156,12790332,0,True,1349051675,0,1214741
12666336,1349243432,12702563,1,True,1349051702,1,794192
12666349,1349083709,12670640,1,False,1349051852,1,921570
12666349,1349084419,12670801,1,False,1349051852,1,1081659
12666349,1349086719,12671407,0,False,1349051852,1,106092
12666350,1349051918,12666356,0,False,1349051855,0,37213
12666350,1349052393,12666381,2,True,1349051855,0,1556251
12666355,1350614125,12966580,3,False,1349051902,0,1667256
12666361,1349052817,12666412,2,False,1349052014,0,1662019
12666361,1349053556,12666474,7,True,1349052014,0,622310
12666361,1351886669,13202277,0,False,1349052014,0,468327
12666362,1349052284,12666375,2,False,1349052026,4,241631
12666362,1349052318,12666377,6,True,1349052026,4,596781
12666362,1349052524,12666389,3,False,1349052026,4,1710581
12666363,1349052270,12666373,0,False,1349052048,-1,1599479
12666367,1349093198,12672936,1,False,1349052155,1,397667
12666367,1349094966,12673387,0,False,1349052155,1,256196
12666371,1349062843,12667261,1,True,1349052239,0,1296806
12666372,1349052745,12666406,2,True,1349052249,0,1201032
12666374,1349054944,12666597,4,True,1349052280,1,775184
12666382,1349062002,12667183,3,True,1349052426,2,19679
12666382,1349125431,12681041,0,False,1349052426,2,1650497
12666382,1349164605,12686449,0,False,1349052426,2,586081
12666383,1349052506,12666387,0,False,1349052436,2,596781
12666383,1349053097,12666436,1,False,1349052436,2,1662019
12666383,1349053279,12666451,1,False,1349052436,2,1463922
12666383,1349053471,12666469,1,False,1349052436,2,823682
12666384,1349073052,12668445,2,True,1349052467,0,605134
12666388,1349052734,12666405,2,True,1349052519,1,335858
12666388,1349052837,12666414,1,False,1349052519,1,1463922
12666388,1349052887,12666419,2,False,1349052519,1,1710581
12666390,1349053783,12666492,0,False,1349052524,-1,1251396
12666390,1349085041,12670973,0,True,1349052524,-1,1393064
12666393,1349054100,12666508,1,True,1349052596,0,1642385
12666398,1349054267,12666528,1,True,1349052661,-2,1319787
12666400,1349055536,12666641,-1,False,1349052676,1,994297
12666400,1349055955,12666672,3,True,1349052676,1,4249
12666402,1349053580,12666475,3,True,1349052716,0,421195
12666410,1349064121,12667391,2,True,1349052762,0,382374
12666410,1355813078,13927698,0,False,1349052762,0,1138947
12666420,1349053081,12666433,0,False,1349052910,0,824987
12666420,1349053138,12666438,3,True,1349052910,0,992484
12666421,1349053006,12666425,6,False,1349052911,3,871980
12666421,1349053036,12666431,3,False,1349052911,3,465183
12666423,1349063153,12667298,0,False,1349052984,1,1118321
12666423,1349111338,12677820,0,False,1349052984,1,1445070
12666427,1349053470,12666468,0,True,1349053019,0,642161
12666427,1363065368,15353820,0,False,1349053019,0,651701
12666435,1349053634,12666482,1,True,1349053096,0,1211187
12666437,1349096623,12673864,0,False,1349053130,0,1556251
12666440,1349053593,12666478,1,True,1349053152,0,1040371
12666441,1349168086,12687253,0,False,1349053177,0,1117094
12666446,1349059498,12666968,1,True,1349053222,0,598015
12666447,1349788334,12800845,3,True,1349053223,1,163549
12666452,1349055958,12666674,0,False,1349053289,0,1505221
12666452,1349057258,12666776,2,True,1349053289,0,475217
12666453,1349053745,12666490,2,False,1349053292,0,1662019
12666453,1349054325,12666534,2,True,1349053292,0,1593860
12666457,1349053550,12666473,0,False,1349053320,0,487509
12666458,1349054553,12666556,1,True,1349053336,0,384417
12666459,1353086677,13421448,1,False,1349053350,1,1521619
12666460,1349088152,12671742,0,True,1349053376,1,1644176
12666461,1349053616,12666480,3,True,1349053378,1,573261
12666461,1349054205,12666519,0,False,1349053378,1,925891
12666464,1349053844,12666495,1,False,1349053445,1,816620
12666464,1349053905,12666498,2,False,1349053445,1,1707863
12666464,1349054313,12666533,2,True,1349053445,1,383904
12666464,1349055109,12666612,1,False,1349053445,1,1073758
12666465,1349202511,12696079,0,True,1349053448,0,412395
12666479,1349054790,12666582,1,False,1349053613,4,1655332
12666479,1349092563,12672789,2,False,1349053613,4,285578
12666479,1349093029,12672888,1,False,1349053613,4,6216
12666481,1349061741,12667156,0,True,1349053631,0,1392379
12666483,1349055129,12666614,1,True,1349053656,0,1506440
12666486,1349054149,12666514,2,True,1349053705,0,1226894
12666486,1349054430,12666545,0,False,1349053705,0,890395
12666489,1349053908,12666499,3,True,1349053740,0,187954
12666493,1349054034,12666503,3,False,1349053787,1,544557
12666493,1349054865,12666587,3,True,1349053787,1,134633
12666494,1349088426,12671810,6,False,1349053835,3,68063
12666497,1349055913,12666664,0,False,1349053866,2,220710
12666497,1349060081,12667023,0,True,1349053866,2,1704841
12666501,1349054207,12666520,5,True,1349053960,4,1710581
12666501,1349054229,12666524,2,False,1349053960,4,857132
12666501,1349054588,12666559,2,False,1349053960,4,465183
12666501,1349054617,12666563,2,False,1349053960,4,1508709
12666502,1349054292,12666530,1,True,1349053962,1,1334679
12666504,1349054263,12666527,3,True,1349054073,1,541091
12666505,1349054485,12666550,2,False,1349054075,0,61164
12666505,1349067136,12667671,3,False,1349054075,0,1708197
12666510,1349055300,12666630,0,True,1349054125,0,1634846
12666511,1349054718,12666573,0,False,1349054127,0,384417
12666511,1349117550,12679216,0,False,1349054127,0,1579427
12666511,1349118454,12679428,0,False,1349054127,0,1581006
12666513,1349054573,12666558,5,True,1349054137,1,1334679
12666513,1349054726,12666575,2,False,1349054137,1,1704959
12666513,1349055931,12666669,3,False,1349054137,1,491243
12666517,1349056215,12666699,2,True,1349054191,3,464581
12666518,1349054712,12666572,1,True,1349054198,0,871026
12666521,1349085969,12671244,-1,False,1349054207,0,604511
12666521,1349668367,12775084,1,True,1349054207,0,1171198
12666523,1351171110,13069493,4,True,1349054219,6,1391713
12666537,1349055929,12666668,1,False,1349054372,2,1062679
12666543,1349056276,12666705,0,False,1349054410,0,1549760
12666549,1349054951,12666598,0,False,1349054483,1,1634846
12666549,1349055556,12666643,0,False,1349054483,1,782012
12666551,1349054740,12666576,3,True,1349054505,-1,1710581
12666551,1349055727,12666652,0,False,1349054505,-1,471800
12666553,1349055937,12666670,4,False,1349054509,0,379897
12666553,1349057722,12666820,1,False,1349054509,0,723947
12666553,1349059587,12666980,2,True,1349054509,0,1282539
12666554,1349055979,12666676,0,False,1349054518,1,646844
12666560,1349055214,12666620,2,True,1349054608,0,275567
12666569,1349057605,12666812,0,True,1349054656,-2,1644176
12666568,1349054903,12666594,2,True,1349054657,2,488004
12666568,1349086025,12671254,1,False,1349054657,2,111008
12666568,1349087141,12671494,0,False,1349054657,2,1442373
12666570,1349059180,12666937,2,True,1349054660,2,1461008
12666574,1349054842,12666586,2,True,1349054717,0,23528
12666574,1349054900,12666593,2,False,1349054717,0,216374
12666574,1349055305,12666631,1,False,1349054717,0,243303
12666574,1349057123,12666762,0,False,1349054717,0,36866
12666578,1349055013,12666604,3,True,1349054774,0,1015071
12666579,1352159448,13242322,0,False,1349054776,0,1339540
12666580,1349055810,12666656,1,False,1349054784,0,4249
12666580,1349110437,12677629,2,True,1349054784,0,586731
12666581,1349055788,12666655,0,False,1349054788,-3,1480420
12666589,1349081971,12670221,0,False,1349054882,0,413501
12666590,1349140853,12683310,0,False,1349054887,1,819494
12666592,1349057108,12666760,1,False,1349054898,0,1199880
12666592,1349070354,12668061,0,False,1349054898,0,409265
12666592,1358430490,14380506,0,False,1349054898,0,1977314
12666596,1349055150,12666615,0,False,1349054933,0,1290720
12666596,1349057411,12666792,1,True,1349054933,0,383904
12666600,1349055542,12666642,3,False,1349054967,1,174728
12666600,1349055832,12666660,4,False,1349054967,1,1357341
12666600,1349057858,12666827,5,True,1349054967,1,221955
12666600,1349065131,12667496,1,False,1349054967,1,908494
12666603,1349055216,12666622,1,False,1349055013,0,1357341
12666603,1349056223,12666700,0,False,1349055013,0,1662828
12666605,1349055633,12666647,2,True,1349055022,0,871026
12666608,1349081560,12670118,0,True,1349055060,0,413501
12666609,1349055220,12666623,0,False,1349055083,0,454533
12666609,1349055350,12666634,0,True,1349055083,0,1226894
12666617,1349055523,12666640,3,True,1349055159,1,1550807
12666618,1349055356,12666635,1,False,1349055163,2,465183
12666618,1349056568,12666728,2,False,1349055163,2,1201324
12666618,1349056970,12666750,3,True,1349055163,2,1678159
12666619,1349055878,12666663,0,False,1349055197,0,1290720
12666619,1349059084,12666928,0,False,1349055197,0,185335
12666625,1349058257,12666865,1,True,1349055236,1,1201210
12666628,1349057665,12666813,1,False,1349055277,1,1709104
12666633,1349057017,12666756,2,True,1349055330,1,1709104
12666637,1349055609,12666646,3,True,1349055368,2,4249
12666637,1349055996,12666678,0,False,1349055368,2,1549760
12666638,1349897192,12826848,3,True,1349055379,4,772156
12666645,1349058180,12666858,0,True,1349055573,1,1549760
12666649,1349055999,12666679,1,True,1349055670,0,483347
12666654,1349055929,12666666,4,True,1349055758,1,251311
12666657,1349059996,12667016,0,False,1349055816,0,758133
12666657,1349136485,12682816,0,False,1349055816,0,65863
12666662,1349055986,12666677,4,False,1349055858,1,68587
12666662,1349056574,12666730,0,False,1349055858,1,1710581
12666667,1349057563,12666810,1,False,1349055928,0,1634846
12666667,1349059539,12666972,1,False,1349055928,0,774499
12666671,1349056096,12666686,2,True,1349055942,1,1532551
12666671,1349056541,12666726,1,False,1349055942,1,230513
12666681,1349056262,12666704,2,True,1349056016,1,1226894
12666684,1349056755,12666740,3,True,1349056049,0,235354
12666684,1349056756,12666741,0,False,1349056049,0,1480420
12666687,1349063744,12667355,0,False,1349056101,0,629083
12666691,1349061952,12667177,0,False,1349056140,0,1615226
12666691,1349072035,12668298,0,True,1349056140,0,744319
12666693,1349131324,12682140,1,False,1349056168,0,756704
12666693,1349132324,12682286,1,False,1349056168,0,1031399
12666694,1349360807,12729487,3,True,1349056190,0,440010
12666694,1349593641,12766828,0,False,1349056190,0,191148
12666698,1349056389,12666711,0,False,1349056207,-2,730566
12666698,1349056439,12666717,-1,True,1349056207,-2,1226894
12666698,1349060378,12667044,0,False,1349056207,-2,1262713
12666702,1349056433,12666716,3,False,1349056233,4,507546
12666702,1349057526,12666804,1,True,1349056233,4,1655332
12666706,1349056398,12666713,3,False,1349056283,0,159145
12666706,1349056463,12666719,0,False,1349056283,0,547640
12666706,1349056482,12666721,0,False,1349056283,0,1480420
12666706,1349056592,12666733,1,False,1349056283,0,1160655
12666710,1349077498,12669247,2,True,1349056343,1,638225
12666714,1349056654,12666737,3,False,1349056402,0,1290720
12666715,1349056586,12666732,1,False,1349056409,0,1553090
12666715,1349058643,12666896,2,True,1349056409,0,1012053
12666720,1349058717,12666901,2,True,1349056471,1,475458
12666723,1349086823,12671428,5,True,1349056503,14,775806
12666725,1349057318,12666782,0,False,1349056540,-1,1290720
12666727,1349057389,12666788,2,True,1349056566,3,479863
12666731,1349076349,12669038,0,False,1349056583,1,360171
12666731,1349140913,12683318,0,True,1349056583,1,1698985
12666734,1349057546,12666807,1,False,1349056608,0,657184
12666734,1349062521,12667228,1,False,1349056608,0,637236
12666734,1349108492,12677181,0,True,1349056608,0,1363087
12666736,1349058357,12666871,0,False,1349056630,0,185335
12666736,1349059430,12666959,0,False,1349056630,0,1590832
12666739,1349056965,12666749,0,False,1349056720,0,1160655
12666739,1349057184,12666766,0,False,1349056720,0,12606
12666739,1349070075,12668016,0,False,1349056720,0,877873
12666739,1349070528,12668086,0,False,1349056720,0,1511271
12666739,1349070808,12668128,2,False,1349056720,0,569789
12666739,1349144188,12683696,1,True,1349056720,0,643383
12666742,1349057009,12666754,5,True,1349056760,0,4249
12666742,1349060743,12667080,0,False,1349056760,0,967638
12666745,1349057257,12666775,0,False,1349056796,1,1710581
12666745,1349057358,12666785,1,True,1349056796,1,68587
12666747,1349063370,12667319,0,False,1349056952,-6,495455
12666748,1349057227,12666772,4,True,1349056961,1,1653333
12666748,1349057976,12666839,0,False,1349056961,1,185335
12666748,1349059494,12666967,0,False,1349056961,1,87189
12666751,1349057215,12666770,2,False,1349056977,1,20862
12666751,1349058213,12666861,1,True,1349056977,1,1678159
12666755,1358829689,14451703,1,False,1349057012,0,144139
12666755,1358915938,14472572,0,True,1349057012,0,916586
12666757,1349064948,12667481,0,False,1349057053,0,816620
12666758,1349058090,12666847,1,False,1349057070,0,639716
12666758,1349063090,12667289,0,False,1349057070,0,1666759
12666761,1349057671,12666815,7,True,1349057118,1,204847
12666761,1349057798,12666824,4,False,1349057118,1,823682
12666761,1349058006,12666842,0,False,1349057118,1,882932
12666767,1349058221,12666862,0,False,1349057185,1,185335
12666768,1349057278,12666777,4,False,1349057186,0,1664657
12666768,1349057440,12666795,3,False,1349057186,0,586518
12666768,1349057508,12666802,4,False,1349057186,0,1672420
12666768,1349058479,12666882,3,False,1349057186,0,438032
12666771,1349057314,12666781,1,True,1349057224,0,730566
12666773,1349057531,12666805,0,False,1349057228,0,851273
12666774,1349073787,12668575,2,True,1349057252,2,1227895
12666774,1349358234,12728642,2,False,1349057252,2,1491380
12666778,1349058476,12666880,1,True,1349057285,0,4280
12666779,1349058722,12666902,4,True,1349057299,0,97337
12666783,1349057389,12666789,3,True,1349057319,0,1290720
12666783,1349057724,12666821,-1,False,1349057319,0,818182
12666783,1349057852,12666826,0,False,1349057319,0,1664657
12666796,1349057890,12666831,4,True,1349057443,2,491243
12666799,1349096601,12673853,2,False,1349057462,2,77409
12666799,1349096754,12673898,0,False,1349057462,2,1668057
12666799,1362266130,15180550,1,False,1349057462,2,142571
12666800,1349058977,12666918,1,False,1349057497,1,645956
12666800,1349059738,12666988,0,False,1349057497,1,980875
12666801,1349067768,12667746,1,False,1349057500,1,841108
12666801,1349146452,12683944,2,True,1349057500,1,251738
12666809,1349282256,12712938,0,False,1349057554,0,83830
12666814,1349062614,12667241,0,True,1349057668,0,207421
12666819,1349058984,12666920,1,True,1349057721,0,785065
12666822,1349057915,12666833,3,False,1349057727,7,996493
12666822,1349058118,12666850,0,False,1349057727,7,1628832
12666822,1349058168,12666856,3,True,1349057727,7,90322
12666822,1349081319,12670058,0,False,1349057727,7,1341006
12666825,1349058113,12666849,2,False,1349057849,1,5987
12666825,1349058138,12666853,3,True,1349057849,1,204847
12666825,1349058179,12666857,1,False,1349057849,1,1634846
12666828,1349059069,12666927,3,True,1349057863,0,1707560
12666828,1349104317,12676036,1,False,1349057863,0,375343
12666830,1349059402,12666956,0,True,1349057888,-2,90322
12666832,1349059146,12666932,-1,False,1349057914,0,1704841
12666832,1349062869,12667267,0,False,1349057914,0,1629707
12666835,1349058224,12666863,13,True,1349057934,4,730566
12666835,1349059401,12666955,0,False,1349057934,4,529995
12666836,1349068133,12667786,0,False,1349057954,1,249933
12666836,1351781038,13179478,3,True,1349057954,1,1514999
12666836,1361992829,15120509,1,False,1349057954,1,2116842
12666838,1349655744,12774004,0,False,1349057968,0,466314
12666841,1349058181,12666859,1,False,1349057984,2,1556110
12666841,1349058181,12666860,1,True,1349057984,2,119527
12666844,1349058713,12666900,0,False,1349058026,0,1087980
12666844,1349058969,12666917,1,True,1349058026,0,518504
12666844,1349059049,12666924,1,False,1349058026,0,1664657
12666845,1349059116,12666931,0,False,1349058049,1,393021
12666845,1349059170,12666936,1,True,1349058049,1,885036
12666845,1349059209,12666938,2,False,1349058049,1,528726
12666851,1349061882,12667170,0,True,1349058117,0,1629707
12666867,1349134144,12682528,1,False,1349058291,1,201142
12666867,1361367919,14981390,0,False,1349058291,1,2091443
12666869,1349058433,12666876,5,False,1349058340,0,1634846
12666869,1349058685,12666898,7,False,1349058340,0,204847
12666869,1349058913,12666913,1,False,1349058340,0,962089
12666874,1352103649,13228304,0,False,1349058413,1,1795316
12666875,1349250468,12704069,1,True,1349058421,1,1016740
12666877,1349060661,12667075,4,True,1349058450,2,93448
12666879,1349058800,12666905,2,False,1349058473,3,1357341
12666879,1349060247,12667032,2,True,1349058473,3,1678159
12666883,1349060062,12667022,1,True,1349058482,0,44853
12666885,1349058614,12666892,1,False,1349058535,2,491243
12666890,1349063624,12667341,0,False,1349058599,1,300292
12666894,1349058817,12666907,0,False,1349058633,1,649233
12666897,1349058886,12666912,5,True,1349058678,1,41747
12666897,1349059033,12666923,2,False,1349058678,1,1378292
12666897,1349059516,12666970,3,False,1349058678,1,1174169
12666899,1349067584,12667727,5,True,1349058710,1,1575096
12666899,1349222771,12700191,1,False,1349058710,1,943531
12666899,1352369539,13286901,3,False,1349058710,1,1808892
12666903,1349060048,12667021,0,False,1349058740,2,227803
12666915,1349059242,12666940,1,False,1349058940,0,1290720
12666915,1349059367,12666951,1,True,1349058940,0,1517578
12666915,1349059555,12666975,1,False,1349058940,0,1500668
12666916,1349067377,12667704,2,True,1349058948,3,77567
12666919,1349059338,12666947,3,False,1349058980,2,79267
12666922,1362103389,15149214,0,False,1349059020,3,193282
12666925,1349197363,12694867,0,True,1349059060,1,1689565
12666929,1349059330,12666946,2,True,1349059100,0,996493
12666930,1349060855,12667095,2,False,1349059112,1,204847
12666930,1349063598,12667336,1,False,1349059112,1,1463922
12666933,1349140838,12683308,0,False,1349059151,0,1127097
12666934,1349061766,12667158,1,False,1349059156,6,1262713
12666934,1349100395,12674873,4,False,1349059156,6,108146
12666935,1349059444,12666961,2,False,1349059163,-3,1664657
12666935,1349059843,12666996,0,False,1349059163,-3,1189745
12666935,1349060135,12667027,0,False,1349059163,-3,967638
12666943,1349059722,12666986,1,False,1349059269,2,1290720
12666943,1349059731,12666987,2,True,1349059269,2,335858
12666944,1349059526,12666971,0,False,1349059317,2,1144248
12666944,1349059551,12666973,2,True,1349059317,2,603732
12666949,1349059582,12666979,0,False,1349059353,2,20862
12666949,1349059709,12666985,4,True,1349059353,2,465183
12666949,1349060041,12667020,1,False,1349059353,2,1337854
12666949,1349060769,12667085,0,False,1349059353,2,90322
12666953,1355348995,13849294,2,True,1349059372,1,1899198
12666957,1349146456,12683946,0,False,1349059407,0,1444766
12666957,1349808529,12806475,0,False,1349059407,0,1585775
12666962,1349072189,12668321,0,False,1349059453,0,1033307
12666962,1361722532,15053698,0,False,1349059453,0,309483
12666963,1349062003,12667184,0,False,1349059464,0,738950
12666963,1349068508,12667824,0,True,1349059464,0,1595250
12666963,1349077355,12669218,0,False,1349059464,0,624459
12666977,1349075854,12668951,1,True,1349059559,3,1517551
12666978,1349059753,12666989,2,True,1349059580,1,726361
12666978,1349061480,12667136,1,False,1349059580,1,36565
12666981,1349059958,12667009,1,True,1349059641,0,11702
12666982,1349059853,12666998,2,True,1349059658,1,1238887
12666982,1349059918,12667005,0,False,1349059658,1,1709104
12666982,1349059919,12667006,0,False,1349059658,1,1408356
12666982,1349059944,12667007,0,False,1349059658,1,383912
12666982,1349059962,12667010,1,False,1349059658,1,185335
12666990,1349106365,12676593,0,True,1349059760,1,380231
12666991,1349067450,12667712,1,True,1349059767,0,1710832
12666993,1349135298,12682668,1,False,1349059797,1,1170357
12666995,1349065187,12667500,3,True,1349059823,1,733077
12666999,1349060160,12667029,4,False,1349059859,1,103167
12666999,1349060419,12667049,0,True,1349059859,1,774499
12667001,1349062471,12667220,0,False,1349059874,0,1232819
12667001,1349068232,12667793,1,False,1349059874,0,192153
12667003,1349070768,12668122,1,True,1349059875,2,242940
12667002,1349059963,12667011,1,False,1349059875,0,1290720
12667002,1349059994,12667015,2,False,1349059875,0,103167
12667002,1349060035,12667019,3,True,1349059875,0,1710581
12667008,1349061712,12667154,1,False,1349059957,4,1517578
12667008,1349093097,12672909,3,True,1349059957,4,1479080
12667012,1349060480,12667056,1,False,1349059970,0,815787
12667014,1349060341,12667041,1,True,1349059991,0,387058
12667030,1349070399,12668070,1,False,1349060187,1,132382
12667031,1349060326,12667039,1,False,1349060242,2,596200
12667031,1349060549,12667063,2,True,1349060242,2,1664657
12667033,1349061639,12667150,2,False,1349060259,-2,118068
12667033,1349080111,12669797,0,False,1349060259,-2,1120996
12667036,1349060575,12667067,1,False,1349060288,0,1678455
12667036,1349060699,12667077,2,True,1349060288,0,479863
12667038,1349060789,12667086,0,True,1349060322,0,1532551
12667040,1349060822,12667092,2,True,1349060339,0,25646
12667042,1349060820,12667091,4,False,1349060370,-1,361684
12667042,1349061986,12667181,0,False,1349060370,-1,1709104
12667043,1349066840,12667639,6,True,1349060374,3,1172486
12667047,1349065849,12667547,1,False,1349060399,-2,1491895
12667048,1349060667,12667076,2,False,1349060415,0,557846
12667048,1349060793,12667087,0,True,1349060415,0,68587
12667048,1349060810,12667090,0,False,1349060415,0,1262713
12667050,1349120960,12680030,1,True,1349060422,1,1074338
12667052,1349061152,12667113,1,False,1349060468,-1,1710581
12667053,1349061449,12667130,1,False,1349060476,1,1634846
12667053,1349061800,12667163,2,True,1349060476,1,1549760
12667055,1349060896,12667098,2,False,1349060479,1,1629707
12667057,1349067074,12667665,1,False,1349060509,0,908494
12667057,1349076482,12669066,2,True,1349060509,0,1001643
12667058,1349062986,12667277,0,False,1349060518,0,1298089
12667058,1349063080,12667288,1,False,1349060518,0,1149024
12667059,1349060795,12667088,0,False,1349060519,0,730566
12667059,1349061120,12667110,0,True,1349060519,0,586621
12667060,1349060991,12667101,4,True,1349060525,2,791604
12667062,1349098769,12674454,0,False,1349060539,-2,126278
12667065,1349060841,12667094,2,False,1349060570,0,1664657
12667066,1349093635,12673061,8,False,1349060575,7,1633251
12667066,1349330310,12721126,0,True,1349060575,7,1710710
12667070,1349060752,12667083,1,False,1349060627,0,1290720
12667070,1349061084,12667106,1,False,1349060627,0,1710623
12667070,1349062019,12667186,2,True,1349060627,0,1630963
12667071,1349856779,12814847,3,True,1349060637,3,1423631
12667074,1349060889,12667097,1,False,1349060656,1,121747
12667074,1349060982,12667100,2,False,1349060656,1,992484
12667074,1349061086,12667107,2,False,1349060656,1,603732
12667074,1349252085,12704417,1,True,1349060656,1,972144
12667073,1349086795,12671423,1,True,1349060657,1,1211934
12667078,1349061426,12667128,1,False,1349060699,1,1052788
12667078,1349061463,12667132,4,True,1349060699,1,705373
12667084,1349060993,12667102,2,True,1349060752,1,1532551
12667093,1349061919,12667172,0,False,1349060834,1,885036
12667093,1349091067,12672425,0,False,1349060834,1,631619
12667099,1349061838,12667167,2,True,1349060906,1,1465828
12667103,1349096504,12673816,3,True,1349060994,1,984421
12683466,1349091219,12683467,0,False,1349060996,2,1627296
12667105,1349061117,12667109,7,True,1349061041,4,992484
12667105,1349061190,12667114,3,False,1349061041,4,121747
12667105,1349061227,12667116,3,False,1349061041,4,603732
12667105,1349061268,12667120,3,False,1349061041,4,1076640
12667105,1349061390,12667126,3,False,1349061041,4,68105
12667105,1349141895,12683421,1,False,1349061041,4,439603
12667111,1349093607,12673052,2,True,1349061131,1,51260
12667112,1349061276,12667122,1,False,1349061150,0,1689607
12667112,1349061298,12667123,0,False,1349061150,0,1290720
12667117,1349062012,12667185,0,False,1349061233,1,749673
12667117,1349062370,12667213,1,True,1349061233,1,77335
12667124,1349061491,12667138,2,True,1349061341,1,1701975
12667131,1349064485,12667439,0,False,1349061459,0,180100
12667134,1349070545,12668089,3,True,1349061471,3,319875
12667137,1349432965,12744332,0,False,1349061491,0,671619
12667141,1349064053,12667380,2,True,1349061515,1,283366
12667141,1349092963,12672874,0,False,1349061515,1,1594302
12667140,1349062571,12667236,0,False,1349061515,0,180100
12667140,1349062593,12667237,2,True,1349061515,0,1065197
12667145,1349105302,12676301,2,True,1349061571,0,64505
12667146,1349082944,12670460,1,False,1349061575,1,1386595
12667146,1349358709,12728798,0,True,1349061575,1,1491380
12667149,1349061981,12667180,2,False,1349061614,1,851251
12667151,1349061831,12667165,0,False,1349061650,0,118068
12667151,1349076898,12669132,0,False,1349061650,0,1634798
12667153,1349108969,12677297,0,True,1349061711,1,886533
12667155,1349062327,12667208,1,False,1349061716,0,1290720
12667155,1349062466,12667217,1,True,1349061716,0,441914
12667155,1349062482,12667225,1,False,1349061716,0,1709104
12667155,1349954867,12838450,3,False,1349061716,0,1472116
12667174,1349062310,12667204,4,True,1349061936,0,118068
12667188,1349066632,12667615,2,True,1349062067,0,1515540
12667192,1349062541,12667231,0,False,1349062095,0,1290720
12667192,1349063952,12667372,1,True,1349062095,0,1688188
12667194,1349079781,12669723,0,False,1349062169,0,137646
12667199,1349063260,12667308,1,False,1349062239,0,1679084
12667200,1349102166,12675382,0,False,1349062264,0,1448704
12667200,1349374136,12733185,0,False,1349062264,0,1390444
12667202,1349063241,12667305,3,False,1349062279,2,853611
12667203,1349065266,12667508,0,False,1349062292,0,918447
12667203,1349076667,12669090,0,False,1349062292,0,1208876
12667203,1349097216,12674015,2,True,1349062292,0,1253952
12667210,1349062842,12667259,3,False,1349062349,2,1262713
12667210,1349063396,12667323,0,False,1349062349,2,90322
12667210,1349071825,12668273,0,False,1349062349,2,983442
12667212,1349062929,12667274,0,False,1349062359,0,885036
12667212,1349063015,12667280,3,True,1349062359,0,384417
12667212,1349063258,12667307,0,False,1349062359,0,87189
12667211,1349077254,12669202,1,True,1349062359,0,294661
12667215,1349062886,12667269,2,False,1349062392,0,1710766
12667215,1349072027,12668296,0,True,1349062392,0,1115867
12667215,1351017819,13037077,0,False,1349062392,0,451763
12667216,1349066662,12667616,0,False,1349062428,0,229410
12667219,1349065045,12667491,1,False,1349062469,0,387058
12667219,1349065088,12667493,0,False,1349062469,0,450964
12667219,1349065808,12667544,1,False,1349062469,0,807836
12667219,1349067565,12667724,1,True,1349062469,0,431359
12667222,1349062812,12667256,1,True,1349062471,0,1709104
12667223,1349062605,12667239,1,False,1349062473,0,941272
12667226,1349062735,12667246,2,False,1349062496,0,476
12667227,1349063133,12667292,4,True,1349062502,2,683453
12667227,1349230186,12701034,1,False,1349062502,2,1134885
12667229,1349063976,12667376,1,True,1349062526,0,825789
12667232,1349062780,12667252,1,True,1349062548,1,738746
12667234,1349063569,12667332,3,False,1349062561,6,1079354
12667234,1349065407,12667518,0,False,1349062561,6,803925
12667235,1349238557,12701917,0,True,1349062563,0,1648020
12667240,1349065453,12667520,0,True,1349062611,0,70605
12667242,1349202877,12696159,1,False,1349062618,2,741348
12667243,1349063286,12667310,0,False,1349062718,1,699129
12667243,1349064415,12667428,0,False,1349062718,1,1001831
12667248,1350287817,12891412,2,True,1349062756,4,369198
12667250,1349835053,12811007,1,False,1349062772,3,78474
12667250,1356156953,14000567,0,False,1349062772,3,901715
12667253,1349063653,12667345,0,True,1349062781,0,1009862
12667254,1349163006,12686121,0,True,1349062789,1,184124
12667258,1349071208,12668179,2,True,1349062836,0,1132117
12667260,1349063831,12667365,1,False,1349062841,0,1662828
12667262,1349065385,12667517,0,False,1349062844,1,1643325
12667262,1349065505,12667524,1,True,1349062844,1,1436931
12667265,1349064443,12667432,1,False,1349062855,1,1589880
12667266,1349063178,12667301,1,False,1349062856,0,1710705
12667266,1349085072,12670982,1,True,1349062856,0,987490
12672349,1349091216,12672466,0,False,1349062869,0,871050
12672349,1349091556,12672551,1,False,1349062869,0,777850
12667273,1349106129,12676533,0,False,1349062927,0,1112042
12667275,1349064488,12667440,4,True,1349062954,1,514065
12667278,1349067323,12667696,1,True,1349062991,1,36305
12667279,1349063679,12667349,1,False,1349063003,1,1262713
12667279,1349063795,12667361,1,False,1349063003,1,1650128
12667282,1349085337,12671055,0,False,1349063035,1,703827
12667282,1349088928,12671922,3,False,1349063035,1,1129849
12667282,1349190228,12692955,0,False,1349063035,1,853958
12667282,1362740336,15292396,2,False,1349063035,1,665923
12667287,1349063147,12667295,0,True,1349063075,-3,1709282
12667293,1349064334,12667421,4,True,1349063141,1,374980
12667296,1349064412,12667427,0,False,1349063147,0,1648946
12667299,1349064791,12667464,0,False,1349063159,0,1146834
12667299,1349066739,12667628,0,False,1349063159,0,491527
12667299,1349078688,12669505,0,True,1349063159,0,1702655
12667300,1349098441,12674348,1,True,1349063166,0,284236
12667300,1358962575,14485857,0,False,1349063166,0,579225
12667302,1349063695,12667354,0,False,1349063201,0,1523051
12667302,1349066933,12667653,2,True,1349063201,0,225647
12667304,1349105115,12676250,0,False,1349063226,0,1303237
12667309,1349213953,12698762,1,False,1349063282,1,1224363
12667309,1351211682,13079287,1,False,1349063282,1,1224363
12667313,1349094925,12673377,0,True,1349063304,0,550177
12667314,1349067437,12667710,0,False,1349063310,1,192373
12667318,1349066533,12667607,1,False,1349063345,2,981049
12667318,1349066590,12667612,1,True,1349063345,2,300292
12667321,1349063650,12667344,4,False,1349063376,2,14860
12667321,1349063688,12667351,3,False,1349063376,2,118068
12667321,1349063785,12667359,1,True,1349063376,2,1013153
12667326,1349064165,12667395,0,False,1349063455,0,450964
12667326,1349191156,12693244,0,False,1349063455,0,274932
12667327,1349063958,12667373,6,True,1349063457,1,51233
12667329,1349090908,12672387,1,True,1349063541,1,201863
12667330,1349064087,12667385,2,True,1349063545,1,1662828
12667330,1349064686,12667452,0,False,1349063545,1,139985
12667330,1349066447,12667598,0,False,1349063545,1,1268954
12667330,1349067029,12667658,1,False,1349063545,1,143585
12667330,1349070723,12668116,0,False,1349063545,1,439407
12667331,1349063813,12667363,1,False,1349063552,0,479512
12667331,1349064256,12667411,0,False,1349063552,0,495455
12667333,1349064794,12667465,4,True,1349063569,2,464581
12667337,1349065358,12667516,0,True,1349063603,0,941272
12667343,1349063824,12667364,5,False,1349063640,1,1290720
12667346,1349078241,12669410,0,False,1349063654,2,934357
12667348,1349072457,12668355,2,False,1349063674,1,634025
12667348,1349080119,12669801,2,True,1349063674,1,242189
12667357,1349064452,12667434,1,True,1349063779,0,636988
12667367,1349064212,12667402,1,False,1349063878,0,670396
12667367,1349064225,12667405,1,False,1349063878,0,941272
12667367,1349064593,12667447,0,False,1349063878,0,785241
12667367,1349069939,12667995,0,False,1349063878,0,1700242
12667369,1349064042,12667379,3,False,1349063906,0,851251
12667369,1349064113,12667389,4,True,1349063906,0,1650128
12667369,1349064171,12667396,2,False,1349063906,0,1352507
12667370,1349079307,12669632,1,True,1349063919,0,5380
12667374,1349076369,12669043,0,True,1349063961,0,1660416
12667375,1349143300,12683592,0,True,1349063964,0,1530536
12667377,1349208055,12697397,0,True,1349064010,0,1159915
12667382,1349064329,12667418,0,False,1349064058,-2,1697903
12667388,1349066744,12667629,0,False,1349064108,0,1015232
12667388,1349067231,12667682,1,False,1349064108,0,200291
12667390,1349066169,12667578,0,False,1349064120,0,381135
12667390,1349073648,12668560,1,True,1349064120,0,1635363
12667394,1349067406,12667706,4,True,1349064147,3,723947
12667397,1349629010,12770855,0,False,1349064174,2,1180972
12667401,1349082368,12670322,0,True,1349064210,1,876814
12667404,1349086055,12671262,0,False,1349064224,0,207421
12667404,1349119911,12679774,0,False,1349064224,0,474746
12667406,1349067352,12667700,0,True,1349064230,0,211292
12667406,1352101725,13227979,2,False,1349064230,0,1799485
12667409,1349064408,12667426,3,False,1349064245,1,999924
12667409,1349064491,12667441,4,False,1349064245,1,452307
12667410,1349064483,12667438,2,False,1349064255,0,824987
12667410,1349064940,12667479,1,False,1349064255,0,1708136
12667415,1349064633,12667450,3,False,1349064307,1,491243
12667415,1349065748,12667539,3,True,1349064307,1,224370
12667415,1349067898,12667762,1,False,1349064307,1,1601336
12667415,1365537690,15911408,0,False,1349064307,1,1924335
12667419,1349064574,12667446,1,False,1349064331,1,1203556
12667419,1349080312,12669854,3,True,1349064331,1,1081179
12667424,1349064646,12667451,1,True,1349064395,0,1650128
12667424,1349066701,12667623,1,False,1349064395,0,1370034
12667424,1349069509,12667933,0,False,1349064395,0,576335
12667425,1349065972,12667562,0,True,1349064397,0,1607489
12667431,1349064805,12667469,0,True,1349064437,0,285678
12667435,1349066925,12667651,0,True,1349064455,0,1203556
12667442,1349064740,12667456,0,True,1349064499,0,118068
12667442,1349064960,12667482,0,False,1349064499,0,1188942
12667443,1349064751,12667457,0,False,1349064501,2,1550807
12667443,1349064751,12667458,0,False,1349064501,2,464744
12667443,1349064777,12667462,0,False,1349064501,2,1091251
12667443,1349064801,12667468,1,False,1349064501,2,383912
12667443,1349064821,12667470,1,True,1349064501,2,702469
12667443,1349064863,12667476,0,False,1349064501,2,1709282
12667443,1349065225,12667506,0,False,1349064501,2,842218
12667443,1349067540,12667720,0,False,1349064501,2,893652
12667445,1349071430,12668214,0,False,1349064572,0,497756
12667445,1350635045,12970188,0,True,1349064572,0,155823
12667449,1349065880,12667552,1,False,1349064629,0,1065197
12667449,1349070487,12668082,0,False,1349064629,0,841632
12667467,1349078680,12669504,1,False,1349064800,1,119230
12667475,1349065332,12667514,1,True,1349064856,0,1709286
12667478,1349083770,12670647,2,False,1349064902,2,1972723
12667478,1349333693,12721818,10,True,1349064902,2,36723
12667478,1349459296,12751467,1,False,1349064902,2,1710942
12667478,1349628887,12770841,4,False,1349064902,2,1003575
12667478,1349865204,12817307,1,False,1349064902,2,23154
12667478,1349887813,12824443,1,False,1349064902,2,1655700
12667478,1349918462,12830853,1,False,1349064902,2,924653
12667480,1349065220,12667504,1,False,1349064942,0,1290720
12667483,1349080508,12669887,0,False,1349064960,0,1517171
12667483,1349244054,12702661,0,True,1349064960,0,1347965
12667488,1349066278,12667583,0,False,1349064993,0,1705224
12667492,1350054611,12862045,0,False,1349065047,0,169491
12667494,1349149518,12684242,0,False,1349065098,0,1108903
12667495,1349257077,12705732,0,False,1349065099,0,1596886
12667498,1349065755,12667540,4,True,1349065173,1,105971
12667501,1349068425,12667812,1,True,1349065187,0,791265
12667502,1349065870,12667550,0,False,1349065195,0,1608744
12667502,1349092583,12672799,1,True,1349065195,0,1012053
12667507,1349076604,12669081,1,True,1349065237,3,1049481
12667509,1349067316,12667695,0,False,1349065273,0,1194885
12667512,1349066747,12667630,0,True,1349065317,0,1155387
12667513,1354050686,13593142,0,False,1349065320,1,1501699
12667515,1349065739,12667538,2,False,1349065343,0,491243
12667515,1349065913,12667556,1,False,1349065343,0,1385871
12667515,1349066359,12667590,2,True,1349065343,0,1453216
12667519,1349065759,12667541,1,True,1349065417,1,1188942
12667522,1349073826,12668585,3,True,1349065486,1,840460
12667522,1349108273,12677124,1,False,1349065486,1,1664024
12667523,1349065864,12667549,2,False,1349065487,0,1650128
12667523,1349066062,12667568,0,False,1349065487,0,1230167
12667526,1349074719,12668762,1,False,1349065559,8,1125873
12667526,1349076100,12668999,1,False,1349065559,8,714968
12667529,1349065937,12667560,2,False,1349065611,2,200291
12667529,1349067201,12667676,1,False,1349065611,2,1678159
12667532,1349069199,12667901,0,True,1349065636,0,1146071
12667533,1349068124,12667784,5,True,1349065639,0,172999
12667535,1349066087,12667570,2,True,1349065705,0,1667895
12667537,1349066151,12667576,7,True,1349065733,3,1420279
12667537,1349067850,12667754,3,False,1349065733,3,674039
12667542,1349070599,12668097,3,False,1349065764,4,992774
12667542,1349200684,12695646,6,True,1349065764,4,567929
12667543,1349065895,12667554,1,False,1349065792,-2,999924
12667543,1349065995,12667563,0,False,1349065792,-2,465183
12667543,1349066803,12667635,2,False,1349065792,-2,1575984
12667545,1349066147,12667575,1,False,1349065823,-1,1650128
12667545,1349066294,12667584,0,False,1349065823,-1,1684881
12667545,1349066714,12667624,0,False,1349065823,-1,1385871
12667545,1349077850,12669312,0,False,1349065823,-1,367456
12667545,1356930184,14097640,0,False,1349065823,-1,1230167
12667551,1349066065,12667569,1,True,1349065879,1,185041
12667551,1349066491,12667602,0,False,1349065879,1,1102056
12667555,1349066167,12667577,1,True,1349065910,0,200291
12667555,1349066524,12667605,1,False,1349065910,0,1514776
12667555,1349078155,12669386,0,False,1349065910,0,1697651
12667557,1349066325,12667588,1,True,1349065917,1,8331
12667557,1349066699,12667622,1,False,1349065917,1,308825
12667558,1349075311,12668859,3,True,1349065920,1,291550
12667559,1349146834,12683993,0,False,1349065934,0,900626
12667561,1349079261,12669624,0,False,1349065960,0,1690497
12667565,1349066457,12667600,3,True,1349066015,-1,1679680
12667565,1349066738,12667627,1,False,1349066015,-1,17447
12667565,1349066913,12667648,1,False,1349066015,-1,1709282
12667566,1349067353,12667701,1,False,1349066028,1,1268844
12667566,1349067384,12667705,1,True,1349066028,1,824987
12667574,1349067528,12667718,0,False,1349066138,1,1268844
12667574,1349068112,12667781,0,True,1349066138,1,1362816
12667580,1349066414,12667594,0,False,1349066192,-4,1709282
12667581,1349221165,12700009,0,True,1349066204,0,9922
12667582,1349066478,12667601,2,False,1349066265,0,999924
12667582,1349067215,12667680,0,False,1349066265,0,1553090
12667582,1349067293,12667691,0,True,1349066265,0,1698415
12667586,1349067800,12667752,1,False,1349066316,0,1378956
12667586,1349236025,12701615,0,True,1349066316,0,1632739
12667593,1349116003,12678874,2,True,1349066392,2,1278725
12667604,1349073548,12668540,0,False,1349066509,0,1353243
12667604,1349076735,12669099,0,False,1349066509,0,1081110
12667606,1349325045,12720285,1,True,1349066525,2,1336
12667608,1349071490,12668223,1,True,1349066542,0,1406062
12667608,1350482308,12936040,0,False,1349066542,0,704335
12667611,1349067753,12667744,2,False,1349066580,1,992484
12667613,1349458946,12751389,2,False,1349066598,1,658014
12667619,1349066854,12667641,2,False,1349066669,0,1512306
12667619,1349067038,12667660,0,False,1349066669,0,1268844
12667621,1349066816,12667637,1,True,1349066689,0,14860
12667621,1349066923,12667650,0,False,1349066689,0,999924
12667625,1349075661,12668919,1,True,1349066723,0,814048
12667632,1349066856,12667642,1,True,1349066771,1,144424
12667632,1349066900,12667645,1,False,1349066771,1,44853
12667634,1349104726,12676146,1,True,1349066795,0,1004748
12667636,1349067214,12667679,8,True,1349066807,1,50742
12667636,1349067244,12667685,1,False,1349066807,1,291280
12667643,1349067769,12667747,3,True,1349066861,2,621233
12667644,1349326079,12720409,0,True,1349066882,0,453407
12667649,1349067149,12667673,0,False,1349066913,1,1709282
12667649,1349069668,12667955,1,False,1349066913,1,851273
12667649,1349239103,12701987,1,False,1349066913,1,1716036
12667652,1349365284,12730884,0,False,1349066927,0,1014586
12667656,1349068276,12667800,-1,False,1349066993,-1,1268844
12667656,1349070095,12668022,-1,False,1349066993,-1,1142004
12667656,1349070678,12668109,1,False,1349066993,-1,139985
12667656,1349080792,12669947,0,False,1349066993,-1,207421
12667661,1349067118,12667668,3,True,1349067047,-1,714501
12667662,1349174708,12688863,0,False,1349067052,0,1079901
12667662,1349979080,12845935,0,False,1349067052,0,1739067
12667664,1349075340,12668866,0,False,1349067073,0,12711
12667664,1349237323,12701754,0,False,1349067073,0,236555
12667670,1349067469,12667713,0,False,1349067126,-1,1709282
12667677,1362724255,15288089,0,False,1349067201,1,2147320
12667677,1363127891,15373636,0,False,1349067201,1,2163101
12667684,1349664185,12774704,0,True,1349067243,1,1387720
12667686,1349248671,12703616,0,False,1349067260,0,715006
12667692,1349068469,12667817,0,False,1349067291,0,1571301
12667693,1349068594,12667827,0,False,1349067301,-1,841108
12667693,1349070172,12668032,1,True,1349067301,-1,734069
12667699,1349067489,12667714,1,False,1349067335,3,144424
12667699,1349067519,12667715,10,False,1349067335,3,491243
12667699,1349101555,12675203,3,True,1349067335,3,426671
12667702,1349069426,12667923,1,False,1349067366,0,482262
12667702,1349070618,12668103,1,False,1349067366,0,968261
12667702,1349082354,12670320,0,False,1349067366,0,1182921
12667707,1349068472,12667818,-1,False,1349067418,0,705339
12667708,1350796544,12995199,0,True,1349067427,1,964582
12667708,1354576257,13693459,2,False,1349067427,1,1874016
12667709,1349156581,12685083,2,True,1349067430,3,1710829
12667716,1349070308,12668056,1,True,1349067524,0,1644189
12667721,1349067697,12667739,3,False,1349067540,2,243943
12667721,1349067937,12667766,5,True,1349067540,2,14860
12667726,1349068742,12667844,2,False,1349067583,1,382009
12667726,1349072209,12668324,2,True,1349067583,1,15168
12667729,1349067862,12667758,2,False,1349067614,1,961113
12667729,1349068503,12667823,2,True,1349067614,1,1532551
12667732,1349069825,12667974,0,True,1349067640,1,1366302
12667741,1349068103,12667780,2,False,1349067717,1,1352969
12667741,1349068543,12667826,0,True,1349067717,1,1697903
12667742,1349242545,12702443,0,True,1349067723,1,756189
12667748,1349090485,12672298,2,True,1349067775,3,1012053
12667749,1349067961,12667767,1,False,1349067783,2,1710351
12667749,1349067981,12667768,0,False,1349067783,2,1348324
12667749,1349068465,12667816,0,False,1349067783,2,160168
12667760,1349069312,12667907,1,True,1349067895,2,475052
12667760,1349069320,12667908,1,False,1349067895,2,1155387
12667763,1349067994,12667769,2,True,1349067914,0,1697903
12667764,1349068125,12667785,3,False,1349067916,0,434893
12667770,1349068323,12667804,0,False,1349068005,0,1086188
12667770,1349071717,12668256,0,True,1349068005,0,479512
12667770,1349071891,12668280,2,False,1349068005,0,783681
12667770,1349071963,12668292,1,False,1349068005,0,441860
12667771,1349094509,12673267,0,False,1349068007,-1,29407
12667772,1352382443,13290212,1,True,1349068041,0,1367850
12667775,1349146823,12683991,0,False,1349068080,2,220064
12667778,1349068209,12667791,1,False,1349068087,0,696326
12667778,1349068278,12667801,0,False,1349068087,0,1653333
12667778,1349068366,12667805,0,False,1349068087,0,999924
12667782,1349069816,12667972,0,False,1349068121,1,1184072
12667782,1349070261,12668047,1,True,1349068121,1,1146071
12667782,1349075235,12668846,2,False,1349068121,1,142651
12667794,1349246024,12703023,0,False,1349068254,0,441271
12667797,1349068706,12667839,2,True,1349068256,0,791265
12667807,1349129419,12681832,0,False,1349068379,0,5295
12667811,1349159383,12685477,1,False,1349068422,0,487289
12667820,1349068613,12667831,0,False,1349068474,4,1689539
12667820,1349069703,12667958,0,False,1349068474,4,1700242
12667820,1351318331,13097748,1,True,1349068474,4,1491895
12667822,1349068777,12667849,3,False,1349068489,2,383912
12667822,1349068838,12667854,1,False,1349068489,2,165201
12667822,1349068854,12667857,0,False,1349068489,2,434893
12667822,1349069030,12667880,0,False,1349068489,2,160168
12667825,1349068601,12667828,4,False,1349068539,3,1260904
12667825,1349068622,12667832,6,False,1349068539,3,738746
12667825,1349068669,12667837,2,False,1349068539,3,1679863
12667825,1349068718,12667841,1,False,1349068539,3,1537404
12667825,1349068787,12667850,4,True,1349068539,3,824987
12667825,1349068882,12667861,2,False,1349068539,3,1705598
12667825,1349069032,12667881,1,False,1349068539,3,1151902
12667825,1349069648,12667951,2,False,1349068539,3,1629477
12667829,1349071446,12668217,0,True,1349068601,0,1710885
12667835,1349070427,12668075,2,False,1349068636,2,948318
12667835,1349071875,12668279,2,False,1349068636,2,1707560
12667835,1349114881,12678598,1,True,1349068636,2,1554020
12667836,1349068844,12667856,1,False,1349068665,0,66686
12667836,1349069015,12667878,-2,False,1349068665,0,1532551
12667836,1349078590,12669482,0,False,1349068665,0,1540264
12667836,1349082192,12670285,1,False,1349068665,0,44309
12667836,1349110387,12677619,1,False,1349068665,0,337475
12667838,1352767039,13353976,3,True,1349068683,0,902968
12667840,1349077860,12669315,2,True,1349068708,1,1080954
12667842,1349068916,12667865,1,False,1349068722,-1,1650128
12667842,1349068972,12667871,0,False,1349068722,-1,1288198
12667842,1349069141,12667893,2,False,1349068722,-1,1240856
12667842,1349069461,12667927,-1,False,1349068722,-1,1685195
12667842,1349069605,12667946,3,False,1349068722,-1,1542290
12667842,1349069894,12667985,0,False,1349068722,-1,33822
12667842,1349070863,12668134,-1,True,1349068722,-1,1307660
12667843,1349070553,12668090,-1,False,1349068733,1,1248114
12667846,1349069094,12667887,2,True,1349068770,1,999924
12667847,1354869864,13759649,1,False,1349068771,2,887404
12667848,1349070136,12668029,0,False,1349068775,0,1589880
12667853,1349070300,12668052,2,True,1349068830,0,1709104
12667860,1349078372,12669435,2,True,1349068863,-2,151004
12667859,1349069005,12667875,4,True,1349068864,0,14860
12667859,1349069008,12667877,1,False,1349068864,0,1695766
12667862,1349069054,12667884,1,False,1349068882,1,419956
12667862,1349069077,12667885,2,False,1349068882,1,1710351
12667862,1349069130,12667892,0,False,1349068882,1,1491895
12667862,1349069368,12667915,0,False,1349068882,1,295264
12667864,1349072072,12668306,2,False,1349068907,1,713141
12667864,1349073824,12668584,1,True,1349068907,1,744987
12667868,1349088755,12671891,4,True,1349068929,0,1637543
12667874,1349069367,12667914,0,False,1349068987,0,1532551
12667874,1349069555,12667939,0,False,1349068987,0,160168
12667874,1349070723,12668115,0,True,1349068987,0,1709104
12667879,1349069573,12667940,0,True,1349069023,0,1169589
12667888,1349170446,12687853,0,False,1349069104,0,1292941
12667894,1349234199,12701409,0,True,1349069145,0,1247832
12667897,1349069407,12667919,1,True,1349069167,0,1290720
12667897,1349070319,12668057,1,False,1349069167,0,1074944
12667905,1349069377,12667916,2,False,1349069281,0,730566
12667905,1349069403,12667917,6,True,1349069281,0,783681
12667905,1349069829,12667975,1,False,1349069281,0,1575237
12667909,1349071307,12668194,0,False,1349069332,0,866082
12667911,1349069633,12667949,0,False,1349069355,0,1532551
12667911,1349072849,12668413,1,False,1349069355,0,1103189
12667911,1349080243,12669836,1,False,1349069355,0,1173729
12667912,1349072505,12668360,0,True,1349069360,0,1568317
12667918,1349069703,12667959,0,False,1349069404,1,1189745
12667918,1349073758,12668572,3,False,1349069404,1,1133908
12667924,1349069604,12667945,0,False,1349069433,0,730566
12667924,1349069666,12667953,0,False,1349069433,0,783681
12667924,1349069678,12667956,2,False,1349069433,0,44853
12667924,1349069914,12667987,2,True,1349069433,0,431359
12667924,1349070513,12668084,0,False,1349069433,0,325589
12667926,1349069840,12667978,0,False,1349069453,0,984823
12667926,1349070688,12668110,0,False,1349069453,0,1629477
12667926,1349070800,12668125,0,False,1349069453,0,1156254
12667926,1349072370,12668341,0,False,1349069453,0,804100
12667926,1349072863,12668415,1,True,1349069453,0,1084437
12667929,1349070732,12668118,1,True,1349069465,2,1070247
12667932,1349075478,12668889,0,True,1349069492,2,47642
12667932,1349075675,12668925,1,False,1349069492,2,876211
12667934,1349069791,12667967,2,True,1349069517,-2,1112940
12667936,1349149898,12684291,8,True,1349069521,5,1192740
12667937,1352184747,13245877,0,False,1349069522,0,1484253
12667937,1354005633,13580260,2,True,1349069522,0,1855875
12667938,1349069963,12668000,1,True,1349069533,2,1599479
12667941,1352874449,13374025,1,False,1349069581,2,842716
12667941,1363070699,15354967,0,False,1349069581,2,1279500
12667944,1349069937,12667992,1,False,1349069598,0,1673397
12667944,1349070211,12668039,1,True,1349069598,0,670396
12667952,1349233008,12701299,1,False,1349069652,2,1705411
12667957,1349069811,12667971,0,False,1349069691,0,570767
12667957,1349070245,12668044,0,False,1349069691,0,1285615
12667960,1349069978,12668004,4,False,1349069703,-5,1562755
12667964,1349072174,12668315,3,True,1349069749,1,696134
12667964,1349072694,12668397,1,False,1349069749,1,1642772
12667964,1363673572,15492634,0,False,1349069749,1,1660139
12667976,1349081957,12670216,0,False,1349069835,1,298539
12667983,1349120816,12679995,2,True,1349069887,4,72508
12667983,1349380776,12734930,2,False,1349069887,4,25083
12667990,1349070254,12668046,0,False,1349069923,0,434893
12667991,1349070709,12668113,4,True,1349069934,1,1549760
12667993,1349070085,12668019,3,False,1349069937,2,746710
12667993,1349070132,12668028,5,True,1349069937,2,295004
12667993,1349070180,12668034,1,False,1349069937,2,1261570
12667996,1349070307,12668055,5,True,1349069943,0,271475
12667996,1349071016,12668160,4,False,1349069943,0,831878
12667998,1349082831,12670424,4,True,1349069957,3,184130
12667998,1349950479,12837246,0,False,1349069957,3,599647
12667999,1349076422,12669056,0,True,1349069960,0,592139
12668003,1349073086,12668456,3,True,1349069971,4,167958
12668003,1349073119,12668463,0,False,1349069971,4,948318
12668006,1349070361,12668064,1,True,1349069985,1,1710862
12668006,1349071372,12668202,1,False,1349069985,1,532252
12668013,1349070796,12668124,1,True,1349070063,1,387058
12668014,1349070415,12668071,0,False,1349070063,0,1549760
12668014,1349071427,12668213,0,False,1349070063,0,165201
12668017,1349070421,12668072,0,False,1349070074,0,603516
12668018,1349070879,12668136,2,True,1349070084,0,209259
12668020,1349070162,12668031,1,False,1349070087,0,857132
12668020,1349070457,12668078,2,True,1349070087,0,1039481
12668020,1349072568,12668377,0,False,1349070087,0,134713
12668021,1349365544,12730952,3,True,1349070090,5,296446
12668024,1349070289,12668050,1,True,1349070115,0,1288198
12668024,1349070305,12668053,0,False,1349070115,0,941272
12668025,1349071285,12668189,1,True,1349070123,0,1542290
12668027,1349070961,12668149,4,False,1349070130,3,1199589
12668027,1349071181,12668172,3,True,1349070130,3,674039
12668027,1349093381,12672984,2,False,1349070130,3,1491200
12668033,1349071675,12668249,0,False,1349070178,-4,1276021
12668033,1349074082,12668632,0,False,1349070178,-4,1482632
12668035,1349071730,12668261,4,True,1349070192,4,629083
12668036,1349082995,12670477,0,True,1349070194,2,555014
12668038,1349102353,12675436,1,True,1349070210,1,68063
12668040,1349070609,12668100,1,True,1349070229,0,22364
12668040,1349177512,12689494,0,False,1349070229,0,445651
12668041,1349075631,12668916,1,True,1349070231,0,683201
12668054,1349071228,12668183,1,True,1349070306,1,44309
12668062,1350528735,12946369,0,False,1349070357,1,1691
12668063,1349335904,12722303,0,False,1349070360,0,1512005
12668065,1353707053,13536068,0,True,1349070362,0,1844731
12668066,1349070897,12668139,4,True,1349070363,1,791265
12668066,1349070945,12668146,1,False,1349070363,1,1240856
12668067,1349070742,12668120,2,False,1349070378,0,1635427
12668073,1349092283,12672720,0,False,1349070421,1,1546574
12668077,1349071274,12668188,1,True,1349070448,1,1319248
12668077,1360656948,14828195,0,False,1349070448,1,1107992
12668081,1349070609,12668101,5,False,1349070479,0,661519
12668081,1349070645,12668107,10,True,1349070479,0,236264
12668081,1349070691,12668112,3,False,1349070479,0,170443
12668081,1349070752,12668121,2,False,1349070479,0,664010
12668081,1349078407,12669446,1,False,1349070479,0,147192
12668083,1349071533,12668232,1,True,1349070511,0,1021943
12668083,1354888440,13764469,0,False,1349070511,0,1419175
12668083,1354889679,13764810,0,False,1349070511,0,920539
12668087,1363100358,15364699,1,False,1349070528,0,215234
12668092,1349983760,12847092,2,True,1349070565,3,99377
12668093,1349106379,12676597,0,False,1349070570,0,1112042
12668093,1349275213,12710844,1,True,1349070570,0,688201
12668093,1356001439,13970744,0,False,1349070570,0,1918555
12668098,1349071013,12668158,0,False,1349070602,0,1365821
12668102,1349080034,12669776,0,True,1349070612,0,301832
12668111,1349108292,12677131,2,True,1349070689,0,1464763
12668119,1349070909,12668140,0,False,1349070739,0,1709104
12668119,1349070941,12668145,1,False,1349070739,0,1290720
12668119,1349071083,12668161,1,False,1349070739,0,1118932
12668119,1349071184,12668173,1,False,1349070739,0,1661977
12668119,1349071406,12668210,1,True,1349070739,0,1629477
12668126,1349090476,12672297,0,True,1349070800,1,1581537
12668126,1349156953,12685132,0,False,1349070800,1,1116014
12668127,1349080807,12669950,0,False,1349070806,-2,844429
12668129,1349071596,12668240,0,False,1349070812,0,573261
12668131,1349071085,12668162,0,False,1349070836,0,941272
12668132,1349071412,12668212,0,False,1349070844,0,545701
12668132,1349075238,12668848,0,False,1349070844,0,606543
12668133,1349371297,12732440,1,True,1349070860,3,783412
12668141,1349071133,12668166,0,False,1349070909,1,742082
12668141,1349071195,12668175,7,True,1349070909,1,1710351
12668141,1349071243,12668185,1,False,1349070909,1,995113
12668141,1349071303,12668193,0,False,1349070909,1,1248114
12668141,1349071332,12668197,0,False,1349070909,1,1705244
12668141,1349071899,12668282,0,False,1349070909,1,1300034
12668144,1349094980,12673399,3,False,1349070931,3,220643
12668144,1353435958,13479692,0,False,1349070931,3,1610463
12668152,1349139640,12683193,0,False,1349070973,0,946112
12668163,1349071226,12668182,0,False,1349071094,0,964582
12668163,1349071347,12668201,1,False,1349071094,0,1042848
12668163,1349071381,12668203,1,False,1349071094,0,22656
12668168,1349071344,12668199,2,True,1349071137,1,496445
12668169,1349071978,12668293,1,False,1349071140,0,1190319
12668169,1349072409,12668347,0,False,1349071140,0,1591827
12668169,1349073310,12668500,0,False,1349071140,0,462963
12668170,1349108020,12677052,1,True,1349071167,0,188096
12668181,1349071475,12668220,1,False,1349071218,1,242520
12668186,1349071397,12668206,0,False,1349071244,1,1290720
12668186,1349071402,12668207,0,False,1349071244,1,243943
12668186,1349071462,12668218,0,False,1349071244,1,1168372
12668186,1349071510,12668226,0,False,1349071244,1,341291
12668186,1349071533,12668233,1,False,1349071244,1,1662019
12668186,1349071595,12668239,4,False,1349071244,1,1291238
12668186,1349071640,12668245,0,False,1349071244,1,824987
12668186,1349071825,12668271,0,False,1349071244,1,1601336
12668191,1349079622,12669695,0,False,1349071293,1,907590
12668192,1349071770,12668264,0,False,1349071295,-1,1533240
12668200,1349071900,12668283,1,True,1349071345,2,545701
12671930,1349147980,12684090,0,False,1349071357,0,625412
12668208,1349077119,12669173,1,True,1349071401,1,57428
12668215,1349071730,12668260,0,False,1349071437,0,1532551
12668215,1349071937,12668287,2,True,1349071437,0,1453216
12668215,1349072060,12668305,1,False,1349071437,0,1710229
12668216,1349071571,12668236,1,True,1349071438,2,1660298
12668216,1349071645,12668246,0,False,1349071438,2,570767
12668216,1349071670,12668248,1,False,1349071438,2,243943
12668216,1349071699,12668254,0,False,1349071438,2,1599479
12668225,1349216193,12699202,0,True,1349071497,1,1210329
12668227,1349072184,12668320,0,False,1349071511,0,1679187
12668227,1349075053,12668814,0,False,1349071511,0,1428679
12668229,1349084706,12670871,1,False,1349071520,0,1149024
12668231,1349073434,12668519,6,True,1349071529,2,359035
12668234,1349072055,12668304,0,False,1349071549,1,1268570
12668238,1349073105,12668461,0,False,1349071592,0,20862
12668238,1349075137,12668830,0,True,1349071592,0,284947
12668251,1349072496,12668359,0,False,1349071689,0,946254
12668251,1349092807,12672843,0,False,1349071689,0,1436658
12668252,1349088085,12671726,0,False,1349071690,1,521799
12668255,1349086557,12671386,1,True,1349071709,0,440531
12668263,1349074848,12668779,-1,False,1349071734,2,1065197
12668263,1349091588,12672558,4,True,1349071734,2,157882
12668269,1349071960,12668291,1,False,1349071801,-1,452307
12668269,1349072331,12668340,0,False,1349071801,-1,134713
12668269,1349073275,12668497,0,False,1349071801,-1,441860
12668269,1349074208,12668650,0,False,1349071801,-1,70942
12668272,1349072203,12668323,0,False,1349071824,0,1613243
12668272,1349072572,12668378,0,False,1349071824,0,1433228
12668274,1349076466,12669061,1,False,1349071829,0,233679
12668275,1349072526,12668366,0,False,1349071837,-3,645956
12668277,1349072308,12668339,2,False,1349071860,0,14860
12668277,1349072513,12668362,0,True,1349071860,0,1664657
12668277,1349072590,12668383,0,False,1349071860,0,61479
12668277,1349073877,12668594,0,False,1349071860,0,1679863
12668278,1349073192,12668477,1,True,1349071867,1,6309
12668281,1350232710,12884280,0,False,1349071897,5,403536
12668281,1350376165,12910500,1,False,1349071897,5,1719375
12668281,1350911146,13012130,0,False,1349071897,5,1719375
12668284,1350466977,12931457,0,False,1349071926,1,155626
12668284,1350476208,12934141,0,True,1349071926,1,328558
12668289,1349074728,12668764,1,True,1349071955,0,1081110
12668294,1349084657,12670862,0,False,1349072008,0,1383120
12668294,1365446932,15886649,0,False,1349072008,0,1637033
12668295,1349072286,12668334,0,False,1349072018,0,159270
12668300,1349072156,12668314,2,True,1349072035,-2,144424
12668301,1355333706,13845410,0,False,1349072036,1,727857
12668310,1354621681,13702207,0,False,1349072127,1,1026740
12668312,1349072517,12668364,1,True,1349072144,0,561269
12668312,1349072934,12668425,0,False,1349072144,0,204701
12668313,1349072528,12668367,0,False,1349072154,2,1700242
12668313,1349073622,12668555,1,False,1349072154,2,1662801
12668319,1349072534,12668369,1,False,1349072183,1,505088
12668325,1349145471,12683831,0,False,1349072219,-1,1710954
12668328,1349073791,12668579,3,False,1349072229,1,851273
12668332,1349072867,12668416,1,True,1349072273,0,812912
12668332,1349073104,12668460,1,False,1349072273,0,771663
12668335,1349072634,12668386,2,False,1349072286,1,1160106
12668335,1349072653,12668392,1,True,1349072286,1,1710945
12668335,1349073134,12668466,1,False,1349072286,1,885036
12668337,1349073833,12668587,0,True,1349072297,0,1084437
12668338,1349074669,12668754,1,True,1349072302,0,1697875
12668342,1349076408,12669053,0,False,1349072378,0,1707086
12668342,1349076713,12669095,0,False,1349072378,0,538930
12668343,1349072684,12668395,1,True,1349072394,2,573261
12668343,1349072770,12668402,1,False,1349072394,2,1453216
12668344,1349072932,12668423,0,False,1349072396,-4,1070247
12668344,1349074791,12668771,0,True,1349072396,-4,1646540
12668348,1349072936,12668427,1,True,1349072409,2,20862
12668348,1349072976,12668436,0,False,1349072409,2,45691
12668349,1349074708,12668760,1,False,1349072410,2,1630984
12668349,1349076850,12669122,0,False,1349072410,2,1562755
12668350,1349073829,12668586,2,True,1349072419,1,464744
12668354,1349292190,12715378,0,True,1349072451,1,1292663
12668373,1349107421,12676893,0,False,1349072542,0,54035
12668372,1349072621,12668385,2,True,1349072542,0,263525
12668374,1349074066,12668629,5,False,1349072550,1,10397
12668379,1349106413,12676604,0,False,1349072576,0,722112
12668379,1349173156,12688504,0,False,1349072576,0,1608587
12668381,1349074617,12668742,1,False,1349072583,1,795554
12668381,1349078475,12669463,0,True,1349072583,1,1443981
12668382,1349077705,12669282,1,True,1349072587,0,705773
12668382,1349081443,12670082,1,False,1349072587,0,956838
12668384,1349074339,12668683,0,True,1349072589,0,462963
12668387,1349201260,12695784,1,False,1349072635,0,422080
12668388,1349072833,12668411,2,False,1349072640,2,209513
12668388,1349072887,12668420,0,False,1349072640,2,851273
12668388,1349072933,12668424,0,False,1349072640,2,243943
12668388,1349072936,12668426,0,False,1349072640,2,1380776
12668388,1349072937,12668428,0,False,1349072640,2,1664657
12668388,1349072961,12668431,1,True,1349072640,2,1660298
12668388,1349073010,12668440,0,False,1349072640,2,824987
12668389,1349076067,12668993,1,True,1349072645,1,640205
12668391,1349073312,12668501,2,True,1349072652,2,783681
12668391,1349076626,12669084,1,False,1349072652,2,1634798
12668391,1349078456,12669457,0,False,1349072652,2,259769
12668393,1349072960,12668430,7,True,1349072670,0,1145666
12668393,1349073121,12668464,1,False,1349072670,0,961526
12668398,1349098852,12674473,0,True,1349072699,1,15710
12668400,1349085429,12671085,1,False,1349072731,0,17833
12668401,1349073061,12668449,1,True,1349072739,0,1080954
12668404,1349073245,12668490,0,False,1349072793,1,1710784
12668404,1349073919,12668602,3,True,1349072793,1,1682339
12668406,1349073159,12668473,0,False,1349072803,0,629083
12668408,1349073102,12668459,0,False,1349072804,1,1433228
12668408,1349073409,12668513,1,False,1349072804,1,1709104
12668410,1349078961,12669555,1,True,1349072832,0,28169
12668418,1349073116,12668462,0,False,1349072881,0,387058
12668418,1349075253,12668852,0,False,1349072881,0,18797
12668418,1349152684,12684612,0,False,1349072881,0,48692
12668421,1349073124,12668465,-1,True,1349072891,0,434893
12668421,1349073238,12668488,1,False,1349072891,0,491243
12668421,1349073340,12668508,0,False,1349072891,0,1453216
12668421,1349073424,12668517,0,False,1349072891,0,713141
12668421,1349075395,12668872,0,False,1349072891,0,1678455
12668422,1349073200,12668481,2,True,1349072916,1,264802
12668434,1349078013,12669353,0,False,1349072971,0,1607617
12668441,1349083631,12670613,0,False,1349073011,0,349014
12668450,1349073149,12668471,2,False,1349073064,0,236671
12668450,1349073742,12668568,0,False,1349073064,0,1097285
12668450,1349074022,12668620,0,False,1349073064,0,1324541
12668452,1349121490,12680146,0,False,1349073070,-2,1179880
12668451,1349073170,12668475,4,True,1349073071,0,263525
12668451,1349073326,12668507,1,False,1349073071,0,570767
12668453,1349082954,12670468,0,True,1349073078,0,713141
12668454,1349073837,12668590,2,False,1349073080,0,1434089
12668454,1349074017,12668618,2,True,1349073080,0,139985
12668455,1349073508,12668536,1,False,1349073082,-2,734181
12668468,1349073684,12668562,2,False,1349073142,2,144424
12668468,1349073696,12668563,0,True,1349073142,2,722783
12668469,1349073243,12668489,0,True,1349073145,0,1070291
12668472,1349075335,12668865,1,True,1349073150,0,1688188
12668474,1349073604,12668549,1,True,1349073161,0,1494993
12668474,1349074350,12668686,0,False,1349073161,0,1682041
12668474,1349075107,12668823,1,False,1349073161,0,1658526
12668474,1349075218,12668844,0,False,1349073161,0,1710229
12668478,1349393729,12737509,0,False,1349073193,1,1718199
12668479,1349073323,12668505,2,True,1349073196,1,108561
12668482,1349078462,12669460,3,True,1349073200,1,1307592
12668484,1349075541,12668906,1,False,1349073207,1,546861
12668484,1349079026,12669566,1,True,1349073207,1,813602
12668495,1349073588,12668548,0,False,1349073262,0,236671
12668495,1349074565,12668730,0,False,1349073262,0,741747
12668495,1349075064,12668817,1,True,1349073262,0,638344
12668496,1349073833,12668588,1,True,1349073264,0,978189
12668502,1349073494,12668534,1,False,1349073312,0,1157740
12668502,1349145125,12683802,0,False,1349073312,0,1691
12668504,1349073777,12668574,1,True,1349073320,1,872395
12668504,1349073805,12668581,0,False,1349073320,1,1667969
12668504,1349073968,12668609,0,False,1349073320,1,859558
12668509,1349073815,12668583,1,True,1349073343,2,359307
12668512,1349073568,12668544,2,True,1349073401,1,730566
12668512,1349073574,12668546,0,False,1349073401,1,1707086
12668512,1349073735,12668567,0,False,1349073401,1,1471389
12668512,1349074643,12668748,0,False,1349073401,1,1682041
12668512,1349075758,12668936,0,False,1349073401,1,1710229
12668516,1349074169,12668639,1,True,1349073415,2,1710229
12668516,1349074557,12668726,0,False,1349073415,2,1395178
12668518,1349073746,12668569,1,True,1349073427,0,63733
12668518,1349154295,12684813,1,False,1349073427,0,1530402
12668521,1349118183,12679381,0,True,1349073441,0,672756
12668525,1349074691,12668757,1,False,1349073457,0,204701
12668527,1349084574,12670831,1,False,1349073461,2,559026
12668528,1349073609,12668552,9,True,1349073461,3,1453216
12668528,1349073647,12668559,2,False,1349073461,3,491243
12668541,1349675047,12775927,0,True,1349073550,0,1587011
12668543,1349073720,12668565,0,False,1349073560,0,529189
12668543,1349073729,12668566,0,False,1349073560,0,1433228
12668543,1349076295,12669027,0,True,1349073560,0,1528699
12668545,1349081533,12670111,1,False,1349073571,3,664177
12668551,1349075004,12668810,0,True,1349073605,2,1516728
12668553,1349075265,12668853,1,False,1349073614,0,417516
12668558,1349082285,12670303,1,False,1349073630,0,569662
12668564,1349086112,12671283,1,True,1349073711,1,1584772
12668571,1349950440,12837230,0,False,1349073756,0,1544494
12668573,1349095388,12673501,2,False,1349073771,0,936643
12668576,1349074050,12668626,0,False,1349073788,0,1071302
12668576,1349074337,12668682,0,False,1349073788,0,1453216
12668577,1349074486,12668716,1,True,1349073789,0,1268570
12668582,1349118483,12679441,2,False,1349073811,5,1684247
12668582,1349306409,12718244,2,False,1349073811,5,1577599
12668589,1349074316,12668678,0,False,1349073835,1,1682339
12668589,1349074360,12668688,1,False,1349073835,1,1542290
12668589,1349074541,12668724,0,False,1349073835,1,1380388
12668589,1349074829,12668774,0,False,1349073835,1,1650803
12668593,1349074443,12668708,1,True,1349073853,-2,664177
12668597,1349074226,12668655,1,False,1349073892,-1,1132117
12668598,1349074222,12668652,7,True,1349073893,4,1463922
12668598,1349100414,12674877,1,False,1349073893,4,981773
12668603,1349074095,12668634,0,True,1349073928,0,204701
12668603,1349074412,12668702,-1,False,1349073928,0,1699325
12668604,1349093062,12672898,0,False,1349073934,0,235161
12668611,1349074226,12668656,2,False,1349073978,-1,1661067
12668611,1349074396,12668699,1,False,1349073978,-1,614807
12668612,1349074254,12668663,1,True,1349073978,0,741542
12668612,1349074490,12668717,0,False,1349073978,0,981914
12668613,1349075019,12668812,1,True,1349073981,2,641067
12668615,1349110346,12677611,2,True,1349073990,5,1712020
12668616,1349182712,12690727,1,True,1349074005,5,1185262
12668619,1349074275,12668666,1,True,1349074017,0,966590
12668624,1349074390,12668697,3,True,1349074039,0,812912
12668628,1349081486,12670098,1,False,1349074063,1,450758
12668628,1349088957,12671933,2,True,1349074063,1,422797
12668630,1349074390,12668698,1,False,1349074068,5,15498
12668630,1349074479,12668712,1,True,1349074068,5,573261
12668630,1349174079,12688743,1,False,1349074068,5,256431
12668631,1349074247,12668660,1,False,1349074076,0,1175881
12668633,1349074203,12668647,0,True,1349074086,-3,204701
12668633,1349074227,12668657,0,False,1349074086,-3,1515540
12668633,1349074272,12668665,0,False,1349074086,-3,903907
12668633,1349074279,12668667,0,False,1349074086,-3,464744
12668637,1349077075,12669165,0,False,1349074144,0,683986
12668637,1349078027,12669358,0,False,1349074144,0,935944
12668644,1349078679,12669503,2,True,1349074189,4,529189
12668644,1349089423,12672042,2,False,1349074189,4,327083
12668649,1349074620,12668744,1,True,1349074205,0,60761
12668662,1349153224,12684679,0,False,1349074250,0,1972218
12668664,1349074377,12668692,1,True,1349074260,0,204701
12668664,1349074529,12668723,0,False,1349074260,0,1267140
12668668,1349074846,12668777,1,True,1349074281,0,1707086
12668668,1349077008,12669153,0,False,1349074281,0,1425711
12668670,1349077637,12669272,2,True,1349074288,1,815787
12668671,1349078299,12669424,0,False,1349074288,0,1708523
12668675,1349075836,12668947,0,False,1349074302,0,891499
12668680,1349075856,12668952,2,True,1349074331,1,1463491
12668680,1349152080,12684540,1,False,1349074331,1,1599619
12668681,1349075206,12668840,9,True,1349074335,7,6309
12668681,1349077791,12669301,1,False,1349074335,7,1065241
12668685,1349075469,12668886,1,False,1349074347,0,976391
12668685,1349082094,12670258,2,False,1349074347,0,29290
12668687,1349074575,12668733,3,True,1349074357,2,941272
12668687,1349074597,12668738,0,False,1349074357,2,670396
12668687,1349074868,12668788,2,False,1349074357,2,645956
12668691,1349097210,12674013,1,True,1349074377,1,278435
12668693,1349074524,12668722,1,True,1349074378,1,462963
12668701,1349074575,12668732,3,True,1349074405,2,722783
12668701,1349074863,12668786,2,False,1349074405,2,330315
12668704,1349086110,12671282,2,True,1349074414,0,902161
12668705,1349081904,12670206,1,False,1349074416,0,898571
12668710,1349086470,12671365,5,True,1349074466,0,165918
12668711,1349076717,12669096,2,True,1349074476,4,6309
12668713,1349085869,12671217,0,False,1349074483,1,478076
12668715,1349080371,12669866,0,False,1349074484,1,365225
12668718,1349162158,12685953,0,False,1349074501,0,1242093
12668721,1349076048,12668990,0,False,1349074511,0,1378956
12668721,1349086479,12671367,0,True,1349074511,0,1061787
12668729,1349074853,12668782,1,False,1349074561,0,204701
12668729,1349074872,12668789,0,False,1349074561,0,1679187
12668736,1349074886,12668790,0,False,1349074588,0,457444
12668740,1349076266,12669023,0,False,1349074603,0,1513814
12668743,1349074775,12668770,3,True,1349074617,2,1451184
12668743,1349078130,12669378,1,False,1349074617,2,1676919
12668743,1349078724,12669512,1,False,1349074617,2,1552386
12668752,1349075911,12668964,1,True,1349074661,0,462963
12668756,1349240869,12702215,0,True,1349074680,0,1534183
12668759,1349132793,12682352,2,True,1349074704,2,1582415
12668763,1349075352,12668868,1,True,1349074719,1,1348324
12668765,1349075497,12668898,1,True,1349074738,2,1620121
12668765,1349092450,12672756,0,False,1349074738,2,1559191
12668766,1349075173,12668834,1,False,1349074745,0,1195449
12668766,1349075553,12668908,3,True,1349074745,0,1554020
12668766,1349077094,12669170,4,False,1349074745,0,649665
12668768,1349080092,12669792,2,False,1349074758,0,605134
12668769,1349075832,12668946,0,False,1349074773,2,941272
12668769,1349076032,12668984,1,False,1349074773,2,771387
12668769,1349076284,12669025,2,False,1349074773,2,6782
12668772,1349099666,12674671,0,True,1349074804,0,831738
12668772,1349114207,12678437,1,False,1349074804,0,575872
12668772,1349902834,12828250,1,False,1349074804,0,1736208
12668776,1349075103,12668822,0,False,1349074843,-1,1617954
12668776,1349075117,12668824,0,False,1349074843,-1,204701
12668776,1349075125,12668826,0,False,1349074843,-1,1380388
12668776,1349076947,12669139,0,False,1349074843,-1,1471389
12668785,1349075403,12668873,1,False,1349074862,4,722783
12668785,1349075465,12668884,2,False,1349074862,4,44853
12668785,1349075540,12668905,4,False,1349074862,4,15498
12668785,1349075863,12668956,2,False,1349074862,4,569436
12668797,1351515589,13122176,0,False,1349074923,0,657057
12668805,1349075972,12668973,0,False,1349074976,0,240078
12668805,1349076113,12669001,0,False,1349074976,0,1676919
12668805,1349077161,12669184,0,True,1349074976,0,122005
12668807,1358969014,14487685,0,True,1349074982,1,1580492
12668808,1349075842,12668949,1,True,1349074984,-2,1187415
12668815,1349075743,12668934,1,False,1349075053,2,6330
12668815,1349082680,12670389,4,True,1349075053,2,1692151
12668819,1364459700,15677261,0,False,1349075070,2,1439164
12668821,1349075418,12668875,0,False,1349075090,-1,1027919
12668821,1349078908,12669547,0,False,1349075090,-1,506855
12668827,1349075858,12668954,0,False,1349075126,0,1697903
12668835,1349176495,12689258,0,True,1349075174,-1,1516690
12668836,1349258478,12706152,0,False,1349075180,0,87861
12668838,1352515522,13318739,2,False,1349075201,1,1813858
12668839,1355485177,13877990,2,True,1349075201,0,1603313
12668841,1349075849,12668950,0,False,1349075205,1,1661067
12668841,1349076135,12669007,0,False,1349075205,1,1160045
12668841,1349080908,12669969,1,True,1349075205,1,683735
12668854,1349075795,12668943,3,True,1349075276,2,1133011
12668854,1349076331,12669035,3,False,1349075276,2,221951
12668854,1349077804,12669302,3,False,1349075276,2,592139
12668855,1349218281,12699572,1,False,1349075279,0,834424
12668857,1349075866,12668957,1,False,1349075303,-2,23574
12668857,1349078295,12669421,0,False,1349075303,-2,1688188
12668858,1349075676,12668926,0,False,1349075307,0,1707086
12668858,1349076301,12669030,0,False,1349075307,0,1651337
12668858,1349076521,12669072,0,False,1349075307,0,1697651
12668861,1349076789,12669108,3,False,1349075314,1,931220
12668861,1349082130,12670269,3,True,1349075314,1,1678159
12668864,1359105307,14518662,2,False,1349075329,0,2010375
12668869,1349075771,12668940,0,False,1349075353,2,1338292
12668869,1349149259,12684217,0,False,1349075353,2,1696509
12668870,1349335893,12722301,1,True,1349075358,0,1324134
12668871,1349075922,12668965,2,False,1349075360,1,824987
12668871,1349076178,12669013,1,True,1349075360,1,1380061
12668871,1349076210,12669017,0,False,1349075360,1,395659
12668874,1349076464,12669060,2,False,1349075409,2,296526
12668874,1349085969,12671243,3,False,1349075409,2,73070
12668877,1349077317,12669212,0,True,1349075426,0,115145
12668879,1349076312,12669033,2,False,1349075435,2,204701
12668880,1349075959,12668968,1,False,1349075437,-3,66945
12668880,1349075961,12668969,0,False,1349075437,-3,785065
12668880,1349075972,12668972,2,False,1349075437,-3,284947
12668881,1349773029,12796308,0,True,1349075439,0,944042
12668882,1354298145,13650538,0,True,1349075444,3,1006948
12668883,1349078527,12669468,0,False,1349075460,1,227140
12668883,1349078544,12669471,0,False,1349075460,1,11621
12668883,1349079773,12669720,7,False,1349075460,1,164835
12668883,1349079844,12669737,0,False,1349075460,1,134713
12668883,1349084715,12670875,3,True,1349075460,1,751863
12668885,1349075631,12668915,0,False,1349075465,0,367456
12668885,1349075785,12668941,0,False,1349075465,0,1077209
12668892,1349086093,12671275,0,False,1349075480,1,1517171
12668893,1349082691,12670394,0,True,1349075482,0,195727
12668895,1349078016,12669355,0,False,1349075490,0,1036390
12668895,1349086567,12671390,0,False,1349075490,0,862175
12668895,1353304694,13448445,0,True,1349075490,0,1595439
12668896,1349075842,12668948,0,False,1349075491,0,1629755
12668900,1349075679,12668927,2,True,1349075507,0,718764
12668902,1349076296,12669028,1,False,1349075520,-2,934357
12668902,1349077424,12669232,0,True,1349075520,-2,1315182
12668912,1349076032,12668985,3,False,1349075599,0,572644
12668912,1349076050,12668991,0,True,1349075599,0,238902
12668912,1349076120,12669003,1,False,1349075599,0,121309
12668911,1349076279,12669024,0,False,1349075599,2,1300235
12668913,1349077356,12669219,1,False,1349075603,-1,69083
12668913,1349077500,12669248,1,False,1349075603,-1,626273
12668914,1349076043,12668989,2,True,1349075603,2,555946
12668923,1349075976,12668974,1,True,1349075664,-2,1707086
12668922,1349102786,12675559,0,True,1349075664,0,1448704
12668922,1349965100,12841702,1,False,1349075664,0,789076
12668924,1349078354,12669433,3,True,1349075667,0,1350869
12668928,1349077215,12669191,1,False,1349075690,1,29096
12668928,1349080711,12669928,3,True,1349075690,1,1145417
12668929,1349091746,12672593,0,False,1349075690,0,401446
12668929,1349101153,12675093,0,False,1349075690,0,1617149
12668929,1350308630,12896926,1,False,1349075690,0,1747293
12668930,1349076029,12668982,2,False,1349075695,2,1175881
12668930,1349081937,12670215,3,False,1349075695,2,867944
12668930,1349495662,12756583,2,False,1349075695,2,181310
12668930,1349847349,12812581,3,True,1349075695,2,641934
12668932,1349078738,12669516,2,True,1349075717,0,391452
12668942,1349077150,12669182,-1,False,1349075792,1,1035521
12668962,1349076390,12669047,0,False,1349075891,1,1629755
12668963,1349083591,12670602,1,True,1349075899,1,655221
12668963,1349096138,12673711,1,False,1349075899,1,1633251
12668963,1364237767,15622569,0,False,1349075899,1,597371
12675062,1349101314,12675132,1,True,1349075918,0,679081
12668967,1349076727,12669098,0,False,1349075938,-4,940158
12668967,1349077892,12669326,1,False,1349075938,-4,1476544
12668970,1349079817,12669730,1,False,1349075961,0,1350762
12668977,1349084909,12670934,1,False,1349075993,2,1579182
12668977,1349189415,12692681,0,True,1349075993,2,1677227
12668978,1349078284,12669419,1,False,1349075999,1,60761
12668978,1349082333,12670317,1,False,1349075999,1,1121028
12668978,1349082945,12670461,0,False,1349075999,1,859558
12668992,1349080014,12669771,2,False,1349076057,1,799916
12668992,1349100957,12675031,2,True,1349076057,1,44309
12668995,1349260199,12706613,0,True,1349076082,0,504031
12669000,1352716141,13342062,2,False,1349076108,1,1573807
12669004,1349077473,12669243,0,False,1349076123,1,1606286
12669010,1349076513,12669071,1,False,1349076152,0,1321873
12669012,1349082699,12670397,0,False,1349076164,0,1252228
12669019,1349555143,12763552,1,False,1349076244,3,48078
12669029,1349077346,12669215,0,False,1349076299,0,796414
12669031,1349082316,12670311,1,True,1349076302,0,655221
12669034,1349166476,12686864,0,True,1349076318,0,154726
12669036,1349076853,12669125,1,True,1349076338,0,60761
12669040,1349166607,12686890,1,True,1349076352,0,1429285
12669041,1349077238,12669198,0,False,1349076353,0,931277
12669041,1349080465,12669878,1,True,1349076353,0,61404
12669041,1349098706,12674435,1,False,1349076353,0,1584643
12669042,1349076507,12669069,0,False,1349076364,2,848164
12669042,1349076773,12669106,0,False,1349076364,2,941272
12669042,1349076839,12669118,0,False,1349076364,2,427856
12669042,1349094796,12673346,0,False,1349076364,2,36305
12669044,1349078193,12669393,2,False,1349076373,1,458741
12669045,1349077603,12669264,0,False,1349076374,0,960526
12669052,1349076826,12669114,6,True,1349076407,1,184212
12669057,1349076761,12669103,1,False,1349076426,0,284240
12669057,1349077169,12669185,0,False,1349076426,0,1696961
12669057,1349077373,12669224,1,False,1349076426,0,1708523
12669057,1349080189,12669823,0,True,1349076426,0,1073064
12669062,1349076853,12669124,1,True,1349076465,0,1369222
12669062,1349076954,12669142,0,False,1349076465,0,1589880
12669063,1349082944,12670459,0,True,1349076476,1,2548
12669068,1349076786,12669107,0,False,1349076499,0,1627086
12669068,1349080019,12669773,0,False,1349076499,0,3695
12669073,1349078135,12669381,1,False,1349076543,0,649665
12669073,1349078483,12669464,0,False,1349076543,0,1612928
12669073,1349079191,12669602,1,True,1349076543,0,499359
12669073,1349087664,12671612,0,False,1349076543,0,1463922
12669074,1349076995,12669149,7,True,1349076559,0,1110760
12669075,1349076966,12669143,0,True,1349076570,0,204701
12669076,1349081741,12670170,3,True,1349076573,1,474189
12669077,1349080282,12669847,0,True,1349076581,0,851273
12669082,1349595685,12767018,1,False,1349076605,1,85597
12669091,1349076927,12669137,1,True,1349076669,1,739577
12669092,1349076833,12669116,3,False,1349076675,1,95382
12669092,1349077022,12669157,0,False,1349076675,1,13000
12669092,1349159066,12685427,0,False,1349076675,1,145844
